Epoch,Time(s),D_Loss,G_Loss,FID_Score
1,1.64,2.260379,0.920222,0.0000
2,12.26,1.931814,1.500543,431.7587
3,1.35,1.810199,1.756070,0.0000
4,14.95,1.800336,1.370924,445.4994
5,1.28,1.716866,1.184177,0.0000
6,15.31,1.656825,0.870761,369.2838
7,1.32,1.643644,0.917189,0.0000
8,11.68,1.522435,1.032365,324.9901
9,1.32,1.596839,0.778700,0.0000
10,15.24,1.677904,0.732065,392.4905
11,0.90,0.566141,0.771075,0.0000
12,14.17,0.617097,0.601899,308.6601
13,0.99,0.619508,0.652254,0.0000
14,12.08,0.582077,0.754117,282.4316
15,1.06,0.565006,0.751214,0.0000
16,10.74,0.570861,0.663671,251.4420
17,1.04,0.591841,0.582566,0.0000
18,14.53,0.571350,0.641367,272.1896
19,0.96,0.563715,0.663706,0.0000
20,11.40,0.570886,0.639122,291.1871
21,0.95,0.541081,0.693208,0.0000
22,14.76,0.530524,0.664743,262.1847
23,0.92,0.531257,0.626026,0.0000
24,14.16,0.532268,0.600484,245.3549
25,0.86,0.537297,0.596257,0.0000
26,15.37,0.528465,0.609308,242.5164
27,0.91,0.515495,0.638882,0.0000
28,13.85,0.504267,0.639560,233.2346
29,0.87,0.500403,0.625494,0.0000
30,14.86,0.496841,0.608148,226.6485
31,0.89,0.494906,0.607767,0.0000
32,15.10,0.492337,0.617018,239.5656
33,0.86,0.483247,0.640484,0.0000
34,14.22,0.471870,0.668681,238.0207
35,0.99,0.469203,0.662163,0.0000
36,14.86,0.463971,0.653896,221.6058
37,0.87,0.466584,0.649952,0.0000
38,14.24,0.460731,0.645675,217.1119
39,0.86,0.454783,0.647079,0.0000
40,13.38,0.453844,0.649134,223.9237
41,0.89,0.446469,0.659985,0.0000
42,13.76,0.439969,0.655202,221.8011
43,0.87,0.436478,0.665147,0.0000
44,14.29,0.434410,0.659521,222.0410
45,0.87,0.430320,0.657351,0.0000
46,10.12,0.426811,0.658813,199.6827
47,0.95,0.423141,0.661754,0.0000
48,12.36,0.418169,0.659947,219.0302
49,1.05,0.409595,0.666316,0.0000
50,11.33,0.406823,0.664417,221.1822
51,0.99,0.402403,0.662697,0.0000
52,13.52,0.400156,0.661822,205.6565
53,1.12,0.395634,0.664042,0.0000
54,14.77,0.393833,0.662353,216.2580
55,0.96,0.392513,0.663562,0.0000
56,14.05,0.391289,0.665156,204.3295
57,1.01,0.386302,0.663120,0.0000
58,17.11,0.386663,0.663762,206.8603
59,0.89,0.374302,0.666986,0.0000
60,14.55,0.375008,0.666283,197.8835
61,0.89,0.374635,0.662599,0.0000
62,13.73,0.372584,0.663255,197.1357
63,0.94,0.370940,0.662096,0.0000
64,14.19,0.366122,0.663287,191.2410
65,0.90,0.365193,0.661183,0.0000
66,14.05,0.365249,0.664232,181.4683
67,0.94,0.362199,0.664295,0.0000
68,14.30,0.356948,0.665430,187.5695
69,0.99,0.357777,0.666596,0.0000
70,14.82,0.359156,0.660799,185.1676
71,0.92,0.357529,0.660765,0.0000
72,14.03,0.353240,0.665633,188.9735
73,0.93,0.355083,0.670253,0.0000
74,12.20,0.347362,0.663461,170.3216
75,0.89,0.348736,0.666678,0.0000
76,14.16,0.349007,0.666363,176.5366
77,0.88,0.344827,0.664836,0.0000
78,13.75,0.343554,0.665430,178.5429
79,0.96,0.343393,0.665018,0.0000
80,14.07,0.343006,0.666760,178.2009
81,0.89,0.340924,0.663061,0.0000
82,13.67,0.336761,0.663843,184.7926
83,0.93,0.339951,0.661340,0.0000
84,14.19,0.337367,0.662823,176.9878
85,0.92,0.333251,0.665504,0.0000
86,13.61,0.336549,0.662764,169.3603
87,0.87,0.334649,0.662977,0.0000
88,14.65,0.328547,0.662692,179.3667
89,0.89,0.334970,0.665993,0.0000
90,14.15,0.332040,0.665460,164.2839
91,0.92,0.332925,0.665576,0.0000
92,11.22,0.330868,0.667165,158.4287
93,0.97,0.323998,0.661991,0.0000
94,14.98,0.329644,0.669420,175.9784
95,0.91,0.327549,0.666487,0.0000
96,14.00,0.326502,0.663914,162.7652
97,1.01,0.327408,0.668782,0.0000
98,10.32,0.321347,0.659073,177.0736
99,0.90,0.328572,0.666037,0.0000
100,15.26,0.322016,0.662711,172.6832
101,0.98,0.320817,0.666348,0.0000
102,11.05,0.322077,0.667308,198.5219
103,0.94,0.319539,0.665896,0.0000
104,14.89,0.320245,0.668212,152.3712
105,0.86,0.318892,0.666660,0.0000
106,13.55,0.318114,0.661518,187.5616
107,0.93,0.316960,0.676150,0.0000
108,14.28,0.314043,0.668549,170.7880
109,0.91,0.311372,0.662581,0.0000
110,14.06,0.319004,0.669547,162.7055
111,0.95,0.318506,0.667028,0.0000
112,14.80,0.314927,0.664465,188.0738
113,0.95,0.314873,0.670866,0.0000
114,12.03,0.315366,0.663140,197.0921
115,0.94,0.311424,0.672407,0.0000
116,14.78,0.308571,0.670366,152.4624
117,0.95,0.306536,0.666271,0.0000
118,15.17,0.313038,0.669611,151.2078
119,1.01,0.310380,0.670594,0.0000
120,15.59,0.312636,0.668274,145.1875
121,0.97,0.308047,0.665525,0.0000
122,15.25,0.304502,0.665512,156.8350
123,0.98,0.308297,0.671880,0.0000
124,14.55,0.308396,0.666112,157.9798
125,0.88,0.301087,0.667744,0.0000
126,13.15,0.302303,0.666981,133.3459
127,0.87,0.302571,0.665368,0.0000
128,13.83,0.303245,0.667216,157.8707
129,0.88,0.309080,0.669213,0.0000
130,13.66,0.302959,0.670645,160.1464
131,0.91,0.301055,0.667480,0.0000
132,11.28,0.300216,0.667764,138.1669
133,1.03,0.301454,0.666016,0.0000
134,14.27,0.300604,0.671652,154.1957
135,0.91,0.297838,0.665889,0.0000
136,15.81,0.298130,0.671982,138.1341
137,1.05,0.303703,0.668358,0.0000
138,15.31,0.299851,0.672150,151.7499
139,0.90,0.301413,0.667649,0.0000
140,14.02,0.291866,0.669754,151.3447
141,0.91,0.296742,0.668489,0.0000
142,14.39,0.295960,0.672417,127.6377
143,0.92,0.296623,0.667422,0.0000
144,13.54,0.297901,0.673009,143.2086
145,0.98,0.291811,0.671718,0.0000
146,11.64,0.297186,0.675886,146.6932
147,0.96,0.292417,0.669210,0.0000
148,13.77,0.295026,0.671135,136.9957
149,0.98,0.290591,0.669959,0.0000
150,14.10,0.290703,0.671962,117.2794
151,1.00,0.293728,0.671282,0.0000
152,14.34,0.291404,0.674732,149.8146
153,0.94,0.289126,0.670838,0.0000
154,13.97,0.286721,0.665706,159.7757
155,1.08,0.286008,0.673593,0.0000
156,15.67,0.287927,0.671286,144.1143
157,0.96,0.291302,0.681603,0.0000
158,12.44,0.290012,0.672926,136.2206
159,0.95,0.283032,0.673982,0.0000
160,14.97,0.287336,0.665815,117.2117
161,0.98,0.286037,0.673497,0.0000
162,15.18,0.285255,0.674911,128.2814
163,1.08,0.281969,0.673932,0.0000
164,14.37,0.282089,0.670683,130.5646
165,1.04,0.281798,0.671378,0.0000
166,10.46,0.282185,0.672952,115.7619
167,0.91,0.284349,0.672500,0.0000
168,15.90,0.279668,0.674495,138.6132
169,1.03,0.281795,0.675432,0.0000
170,15.50,0.281733,0.671076,138.8899
171,0.87,0.278413,0.674006,0.0000
172,11.21,0.281117,0.670733,114.7207
173,1.03,0.280320,0.670960,0.0000
174,12.56,0.278804,0.671277,118.4346
175,1.09,0.281510,0.673314,0.0000
176,11.36,0.279320,0.674648,129.0693
177,0.89,0.279626,0.677095,0.0000
178,15.00,0.279706,0.676262,134.4134
179,0.95,0.277238,0.678139,0.0000
180,14.96,0.277637,0.671616,114.5718
181,1.02,0.274847,0.677895,0.0000
182,11.75,0.275118,0.678672,120.3658
183,0.91,0.275249,0.672648,0.0000
184,14.61,0.276342,0.676224,130.1348
185,0.89,0.275691,0.679613,0.0000
186,10.37,0.276597,0.672670,114.0813
187,0.93,0.273508,0.674474,0.0000
188,14.25,0.277251,0.670996,122.7912
189,1.02,0.274957,0.679020,0.0000
190,11.18,0.276129,0.673976,128.4075
191,0.91,0.271742,0.676889,0.0000
192,14.19,0.277269,0.670616,114.2367
193,0.88,0.278438,0.681461,0.0000
194,14.17,0.277273,0.677929,125.3242
195,0.92,0.278703,0.674974,0.0000
196,14.02,0.274727,0.675146,111.3848
197,0.91,0.276496,0.677400,0.0000
198,11.44,0.276281,0.678396,103.8936
199,1.15,0.276128,0.682172,0.0000
200,12.21,0.274713,0.678109,107.2809
201,0.95,0.276384,0.671128,0.0000
202,15.19,0.275496,0.681099,99.0147
203,1.00,0.273276,0.671331,0.0000
204,14.98,0.271061,0.677692,90.4849
205,0.88,0.275157,0.669850,0.0000
206,13.98,0.272715,0.680423,106.7702
207,0.89,0.277963,0.672823,0.0000
208,11.16,0.272970,0.681771,102.6146
209,0.91,0.273689,0.672918,0.0000
210,14.03,0.271083,0.675945,112.1946
211,0.97,0.273095,0.673367,0.0000
212,10.99,0.268685,0.677662,103.2224
213,0.90,0.268398,0.672598,0.0000
214,13.66,0.270828,0.671816,108.7755
215,0.91,0.271301,0.680873,0.0000
216,13.35,0.269378,0.679156,119.3399
217,1.05,0.270222,0.672598,0.0000
218,11.11,0.268689,0.679771,96.1246
219,0.91,0.272238,0.675410,0.0000
220,12.62,0.266781,0.680804,108.2871
221,0.92,0.268754,0.673535,0.0000
222,13.92,0.270613,0.676236,99.6651
223,0.91,0.270044,0.681073,0.0000
224,11.04,0.267199,0.675593,95.8992
225,0.93,0.264651,0.678318,0.0000
226,15.08,0.269107,0.674555,104.7640
227,0.94,0.271133,0.680467,0.0000
228,14.63,0.266270,0.675025,116.1712
229,0.92,0.264156,0.684211,0.0000
230,14.91,0.267113,0.673208,109.8958
231,0.89,0.265766,0.681596,0.0000
232,13.63,0.262274,0.676696,96.8000
233,0.94,0.266865,0.677441,0.0000
234,14.79,0.266473,0.678986,95.3892
235,0.89,0.265151,0.676392,0.0000
236,13.99,0.262340,0.678966,92.7378
237,1.00,0.266213,0.675347,0.0000
238,14.42,0.262858,0.679339,105.0541
239,1.06,0.264937,0.673908,0.0000
240,14.48,0.263342,0.680891,107.3677
